[gd_scene load_steps=8 format=2]

[ext_resource path="res://Assets/Imgs/bettergrass-min.jpg" type="Texture" id=1]
[ext_resource path="res://Assets/Imgs/brush_small.png" type="Texture" id=2]

[sub_resource type="SpatialMaterial" id=4]
albedo_color = Color( 0.529412, 0.529412, 0.529412, 1 )
albedo_texture = ExtResource( 1 )
uv1_scale = Vector3( 5, 5, 1 )

[sub_resource type="CubeMesh" id=1]
material = SubResource( 4 )
size = Vector3( 40, 0.5, 40 )

[sub_resource type="BoxShape" id=3]
extents = Vector3( 20, 0.25, 20 )

[sub_resource type="SpatialMaterial" id=6]
flags_transparent = true
albedo_color = Color( 0.678431, 0.431373, 0.372549, 1 )
albedo_texture = ExtResource( 2 )
uv1_scale = Vector3( 1, 1, 0.283 )
uv1_offset = Vector3( 0.5, 0, 0 )
uv1_triplanar = true

[sub_resource type="PlaneMesh" id=5]
material = SubResource( 6 )
size = Vector2( 1, 7 )

[node name="Floor" type="MeshInstance"]
mesh = SubResource( 1 )

[node name="StaticBody" type="StaticBody" parent="."]

[node name="CollisionShape" type="CollisionShape" parent="StaticBody"]
shape = SubResource( 3 )

[node name="MeshInstance" type="MeshInstance" parent="."]
transform = Transform( 1, 0, 0, 0, 1, 0, 0, 0, 1, -2.02194, 0.251, 12.9675 )
mesh = SubResource( 5 )

[node name="MeshInstance2" type="MeshInstance" parent="."]
transform = Transform( 0.373813, 0, 0.927504, 0, 1, 0, -0.927504, 0, 0.373813, -6.55618, 0.251, 9.30315 )
mesh = SubResource( 5 )

[node name="MeshInstance3" type="MeshInstance" parent="."]
transform = Transform( 0.989957, 0, 0.141368, 0, 1, 0, -0.141368, 0, 0.989957, -10.5349, 0.251, 4.01475 )
mesh = SubResource( 5 )

[node name="MeshInstance4" type="MeshInstance" parent="."]
transform = Transform( 0.978275, 0, -0.207314, 0, 1, 0, 0.207314, 0, 0.978275, -9.60717, 0.251, -3.37637 )
mesh = SubResource( 5 )

[node name="MeshInstance5" type="MeshInstance" parent="."]
transform = Transform( 0.808955, 0, -0.470296, 0, 1, 0, 0.58787, 0, 0.647164, -7.92921, 0.251, -10.3894 )
mesh = SubResource( 5 )

[node name="MeshInstance6" type="MeshInstance" parent="."]
transform = Transform( 0.994386, 0, -0.0846502, 0, 1, 0, 0.105813, 0, 0.795509, -1.4466, 0.251, -8.37037 )
mesh = SubResource( 5 )

[node name="MeshInstance8" type="MeshInstance" parent="."]
transform = Transform( 0.108971, 0, -0.994045, 0, 1, 0, 0.994045, 0, 0.108971, -5.21983, 0.251, -5.85943 )
mesh = SubResource( 5 )

[node name="MeshInstance7" type="MeshInstance" parent="."]
transform = Transform( 0.303368, 0, 0.762299, 0, 1, 0, -0.952873, 0, 0.242694, -3.83539, 0.251, -11.4104 )
mesh = SubResource( 5 )

[node name="MeshInstance9" type="MeshInstance" parent="."]
transform = Transform( 0.00808077, 0, 0.999967, 0, 1, 0, -0.999967, 0, 0.00808077, 2.03273, 0.251, -10.9192 )
mesh = SubResource( 5 )

[node name="MeshInstance10" type="MeshInstance" parent="."]
transform = Transform( 0.388609, 0, 0.737122, 0, 1, 0, -0.921403, 0, 0.310887, 6.77032, 0.251, -10.0796 )
mesh = SubResource( 5 )

[node name="MeshInstance11" type="MeshInstance" parent="."]
transform = Transform( 0.983832, 0, 0.143275, 0, 1, 0, -0.179094, 0, 0.787066, 8.84098, 0.251, -6.89908 )
mesh = SubResource( 5 )

[node name="MeshInstance12" type="MeshInstance" parent="."]
transform = Transform( 0.945166, 0, -0.228614, 0, 1, 0, 0.326591, 0, 0.661616, 8.35196, 0.251, -2.46492 )
mesh = SubResource( 5 )

[node name="MeshInstance13" type="MeshInstance" parent="."]
transform = Transform( -0.00171039, 0, -0.699999, 0, 1, 0, 0.999999, 0, -0.00119726, 5.1195, 0.251, -0.95915 )
mesh = SubResource( 5 )

[node name="MeshInstance14" type="MeshInstance" parent="."]
transform = Transform( -0.701594, 0, -0.498804, 0, 1, 0, 0.712577, 0, -0.491116, 1.64543, 0.251, -2.61861 )
mesh = SubResource( 5 )

[node name="MeshInstance15" type="MeshInstance" parent="."]
transform = Transform( -0.999998, 0, 0.00161965, 0, 1, 0, -0.00202456, 0, -0.799998, 7.68277, 0.251, 2.4269 )
mesh = SubResource( 5 )

[node name="MeshInstance16" type="MeshInstance" parent="."]
transform = Transform( -0.90755, 0, 0.251966, 0, 1, 0, -0.419943, 0, -0.54453, 6.48024, 0.251, 6.92402 )
mesh = SubResource( 5 )

[node name="MeshInstance17" type="MeshInstance" parent="."]
transform = Transform( -0.0561001, 0, 0.998425, 0, 1, 0, -0.998425, 0, -0.0561001, 2.31179, 0.251, 11.1953 )
mesh = SubResource( 5 )
