[gd_scene load_steps=17 format=2]

[ext_resource path="res://Assets/Imgs/rocking_texture.png" type="Texture" id=1]
[ext_resource path="res://Assets/Imgs/rockinbase_texture.png" type="Texture" id=2]
[ext_resource path="res://PropsSoundManager/PropSoundManager.tscn" type="PackedScene" id=3]
[ext_resource path="res://Assets/Imgs/wood.jpg" type="Texture" id=4]
[ext_resource path="res://Levels/Main/Props/Chair.gd" type="Script" id=5]
[ext_resource path="res://Assets/Sfx/rockinchair.ogg" type="AudioStream" id=6]

[sub_resource type="SpatialMaterial" id=1]
flags_transparent = true
albedo_texture = ExtResource( 1 )
uv1_scale = Vector3( 3, 2, 1 )

[sub_resource type="CubeMesh" id=2]
material = SubResource( 1 )
size = Vector3( 1.5, 0.01, 2.4 )

[sub_resource type="SpatialMaterial" id=3]
flags_transparent = true
albedo_texture = ExtResource( 2 )
uv1_scale = Vector3( 3, 1, 1 )

[sub_resource type="CubeMesh" id=4]
material = SubResource( 3 )
size = Vector3( 1.5, 0.01, 1.5 )

[sub_resource type="SpatialMaterial" id=6]
albedo_texture = ExtResource( 4 )
uv1_scale = Vector3( 0.3, 1, 1 )

[sub_resource type="CubeMesh" id=5]
material = SubResource( 6 )
size = Vector3( 0.03, 0.9, 0.03 )

[sub_resource type="Animation" id=7]
length = 0.001
tracks/0/type = "value"
tracks/0/path = NodePath(".:rotation_degrees")
tracks/0/interp = 1
tracks/0/loop_wrap = true
tracks/0/imported = false
tracks/0/enabled = true
tracks/0/keys = {
"times": PoolRealArray( 0 ),
"transitions": PoolRealArray( 1 ),
"update": 0,
"values": [ Vector3( 0, 0, 0 ) ]
}

[sub_resource type="Animation" id=8]
resource_name = "default"
length = 3.0
loop = true
tracks/0/type = "value"
tracks/0/path = NodePath(".:rotation_degrees")
tracks/0/interp = 1
tracks/0/loop_wrap = true
tracks/0/imported = false
tracks/0/enabled = true
tracks/0/keys = {
"times": PoolRealArray( 0, 1.5, 3 ),
"transitions": PoolRealArray( 1.56917, 1.56917, 2.54912 ),
"update": 0,
"values": [ Vector3( -9, 0, 0 ), Vector3( 9, 0, 0 ), Vector3( -9, 0, 0 ) ]
}

[sub_resource type="BoxShape" id=9]
extents = Vector3( 1, 0.607753, 0.728295 )

[sub_resource type="BoxShape" id=10]
extents = Vector3( 1, 1, 0.0340819 )

[node name="Chair" type="Spatial"]
transform = Transform( 0.8, 0, 0, 0, 0.8, 0, 0, 0, 0.8, 0, 0.05, 0 )
script = ExtResource( 5 )

[node name="MeshInstance" type="MeshInstance" parent="."]
transform = Transform( -1, -1.50996e-07, -5.28019e-15, 0, -4.37114e-08, 0.8, -1.50996e-07, 1, 3.49691e-08, 0, 2.2, -0.65 )
mesh = SubResource( 2 )

[node name="MeshInstance2" type="MeshInstance" parent="."]
transform = Transform( -1, 0, 8.74228e-08, 0, 1, 0, -8.74228e-08, 0, -1, 0, 1.23, 0.08 )
mesh = SubResource( 4 )

[node name="MeshInstance3" type="MeshInstance" parent="."]
transform = Transform( 1, 0, 0, 0, 0.994522, 0.104528, 0, -0.104528, 0.994522, 0.6, 0.78, 0.425 )
mesh = SubResource( 5 )

[node name="MeshInstance4" type="MeshInstance" parent="."]
transform = Transform( 1, 0, 0, 0, 0.994522, 0.104528, 0, -0.104528, 0.994522, -0.6, 0.78, 0.425 )
mesh = SubResource( 5 )

[node name="MeshInstance5" type="MeshInstance" parent="."]
transform = Transform( 1, 0, 0, 0, 0.994522, -0.104528, 0, 0.104528, 0.994522, -0.6, 0.78, -0.432 )
mesh = SubResource( 5 )

[node name="MeshInstance6" type="MeshInstance" parent="."]
transform = Transform( 1, 0, 0, 0, 0.994522, -0.104528, 0, 0.104528, 0.994522, 0.6, 0.776659, -0.431684 )
mesh = SubResource( 5 )

[node name="MeshInstance7" type="MeshInstance" parent="."]
transform = Transform( 1, 0, 0, 0, 0.258819, -0.965926, 0, 0.965926, 0.258819, 0.6, 0.41, 0.827 )
mesh = SubResource( 5 )

[node name="MeshInstance8" type="MeshInstance" parent="."]
transform = Transform( 1, 0, 0, 0, 0.258819, -0.965926, 0, 0.965926, 0.258819, -0.6, 0.41, 0.827 )
mesh = SubResource( 5 )

[node name="MeshInstance9" type="MeshInstance" parent="."]
transform = Transform( 1, 0, 0, 0, 0.258819, 0.965926, 0, -0.965926, 0.258819, -0.6, 0.41, -0.85 )
mesh = SubResource( 5 )

[node name="MeshInstance10" type="MeshInstance" parent="."]
transform = Transform( 1, 0, 0, 0, 0.258819, 0.965926, 0, -0.965926, 0.258819, 0.6, 0.41, -0.85 )
mesh = SubResource( 5 )

[node name="MeshInstance11" type="MeshInstance" parent="."]
transform = Transform( 1, 0, 0, 0, -4.28408e-08, -1, 0, 1, -4.28408e-08, 0.6, 0.3, 0 )
mesh = SubResource( 5 )

[node name="MeshInstance12" type="MeshInstance" parent="."]
transform = Transform( 1, 0, 0, 0, -4.37114e-08, -1, 0, 1, -4.37114e-08, -0.6, 0.3, 0 )
mesh = SubResource( 5 )

[node name="PropSoundManager" parent="." instance=ExtResource( 3 )]
transform = Transform( 1, 0, 0, 0, 1, 0, 0, 0, 1, 0, 0.5, 0 )
stream = ExtResource( 6 )

[node name="AnimationPlayer" type="AnimationPlayer" parent="."]
anims/RESET = SubResource( 7 )
anims/default = SubResource( 8 )

[node name="StaticBody" type="StaticBody" parent="."]

[node name="CollisionShape" type="CollisionShape" parent="StaticBody"]
transform = Transform( 1, 0, 0, 0, 1, -1.04308e-07, 0, 1.04308e-07, 1, 0, 0.625632, 0.0990904 )
shape = SubResource( 9 )

[node name="CollisionShape2" type="CollisionShape" parent="StaticBody"]
transform = Transform( 1, 0, 0, 0, 0.999999, -1.49012e-07, 0, 1.49012e-07, 0.999999, 0, 2.22292, -0.628849 )
shape = SubResource( 10 )
