[gd_scene load_steps=15 format=2]

[ext_resource path="res://Assets/Imgs/stairs_texture.png" type="Texture" id=1]
[ext_resource path="res://Assets/Imgs/slide_texture.png" type="Texture" id=2]
[ext_resource path="res://PropsSoundManager/PropSoundManager.tscn" type="PackedScene" id=3]

[sub_resource type="SpatialMaterial" id=7]
albedo_texture = ExtResource( 2 )
uv1_scale = Vector3( 2, 1, 1 )

[sub_resource type="CubeMesh" id=1]
material = SubResource( 7 )
size = Vector3( 1, 0.1, 2 )

[sub_resource type="SpatialMaterial" id=8]
albedo_texture = ExtResource( 2 )
uv1_scale = Vector3( 2, 1, 1 )
uv1_offset = Vector3( 0, 0.385, 0 )

[sub_resource type="CubeMesh" id=2]
material = SubResource( 8 )
size = Vector3( 1, 0.1, 1 )

[sub_resource type="SpatialMaterial" id=6]
albedo_texture = ExtResource( 2 )
uv1_scale = Vector3( 2, 1, 1 )

[sub_resource type="CubeMesh" id=3]
material = SubResource( 6 )
size = Vector3( 1, 0.1, 1 )

[sub_resource type="SpatialMaterial" id=5]
flags_transparent = true
albedo_texture = ExtResource( 1 )
uv1_scale = Vector3( 1, 1, 0.4 )
uv1_offset = Vector3( 0.5, 1, 0.5 )
uv1_triplanar = true

[sub_resource type="CubeMesh" id=4]
material = SubResource( 5 )
size = Vector3( 1, 0.1, 1.8 )

[sub_resource type="BoxShape" id=9]
extents = Vector3( 0.0523372, 0.894144, 0.460005 )

[sub_resource type="BoxShape" id=10]
extents = Vector3( 0.501967, 0.0402842, 0.497051 )

[sub_resource type="BoxShape" id=11]
extents = Vector3( 0.0523372, 1.05444, 0.460005 )

[node name="Slide" type="Spatial"]

[node name="MeshInstance" type="MeshInstance" parent="."]
transform = Transform( -4.37114e-08, 0.707107, -0.707107, 0, 0.707107, 0.707107, 1, 3.09086e-08, -3.09086e-08, -0.008, 1.06, 0 )
mesh = SubResource( 1 )

[node name="MeshInstance2" type="MeshInstance" parent="."]
transform = Transform( -4.37114e-08, 0.182236, -0.983255, 0, 0.983255, 0.182236, 1, 7.96577e-09, -4.29794e-08, 1.16049, 0.278654, 0 )
mesh = SubResource( 2 )

[node name="MeshInstance3" type="MeshInstance" parent="."]
transform = Transform( -4.36041e-08, 0.122147, 0.992512, 3.06133e-09, 0.992512, -0.122147, -1, -2.28768e-09, -4.36515e-08, -1.18168, 1.81136, 0 )
mesh = SubResource( 3 )

[node name="MeshInstance4" type="MeshInstance" parent="."]
transform = Transform( -4.37114e-08, 1, -4.37114e-08, 0, -4.37114e-08, -1, -1, -4.37114e-08, 1.91069e-15, -1.72112, 1.00744, 0 )
mesh = SubResource( 4 )

[node name="StaticBody" type="StaticBody" parent="."]
transform = Transform( 1, 0, 0, 0, 1, 0, 0, 0, 1, -1.72583, 1, 0 )

[node name="Stairs" type="CollisionShape" parent="StaticBody"]
shape = SubResource( 9 )

[node name="Slide1" type="CollisionShape" parent="StaticBody"]
transform = Transform( 0.992768, 0.12005, 0, -0.12005, 0.992768, 0, 0, 0, 1, 0.548656, 0.805685, 0 )
shape = SubResource( 10 )

[node name="Slide2" type="CollisionShape" parent="StaticBody"]
transform = Transform( 0.711229, -0.70296, 0, 0.70296, 0.711229, 0, 0, 0, 1, 1.7627, -0.00271821, 0 )
shape = SubResource( 11 )

[node name="PropSoundManager" parent="." instance=ExtResource( 3 )]
sfx_name = "SfxKids"
